{'max_f': 1,
 'sfm': 0.85542048192976627,
 'xyz_speed': 0.4584999999999998,
 'max_f_auto': 0.14680595473222358,
 'err_xy': 0.0}