{'max_f': 30,
 'xyz_speed': 0.49800000000000005,
 'err_xy': 0.0,
 'hw': 1.0,
 'vef': 0.3544406025041677,
 'sfm': 0.83071513684864595,
 'ff': 0.3544406025041677,
 'max_f_auto': 0.15322493614680599}