{'max_f': 1,
 'xyz_speed': 0.49765697629882311,
 'err_xy': 0.0,
 'hw': 1.0,
 'vef': 0.3544406025041677,
 'sfm': 0.058420553995609102,
 'ff': 0.3544406025041677,
 'max_f_auto': 1}