{'max_f': 1,
 'sfm': 0.058420553995609102,
 'xyz_speed': 0.49765697629882311,
 'max_f_auto': 1,
 'err_xy': 0.0}