{'max_f': 966,
 'sfm': 0.23166736861218309,
 'xyz_speed': 0.12136616805023759,
 'err_xy': 0.0}