{'max_f': 0,
 'xyz_speed': 0.4975,
 'err_xy': 0.0,
 'hw': 0.25,
 'vef': 0.3544406025041677,
 'sfm': 0.95315480613337389,
 'ff': 0.3544406025041677,
 'max_f_auto': nan}