{'max_f': 0,
 'sfm': 0.00097664588286101709,
 'xyz_speed': 0.99524422280704594,
 'max_f_auto': 1,
 'err_xy': 0.61857292958077126}