{'max_f': 0,
 'xyz_speed': 0.99524422280704594,
 'err_xy': 0.61857292958077126,
 'hw': 1.0,
 'vef': 0.3544406025041677,
 'sfm': 0.00097664588286101709,
 'ff': 0.3544406025041677,
 'max_f_auto': 1}