{'max_f': 95,
 'xyz_speed': 0.0097489064882027351,
 'err_xy': 0.38183661864872936,
 'hw': 1.5669847981257237,
 'vef': 0.44153334677224321,
 'sfm': 0.44474166723117903,
 'ff': 0.059610755918567494}