{'max_f': 3,
 'xyz_speed': 0.49781333308391096,
 'err_xy': 0.0,
 'hw': 1.0,
 'vef': 0.3544406025041677,
 'sfm': 0.1069969540218092,
 'ff': 0.3544406025041677,
 'max_f_auto': 0.96818669188698248}