{'max_f': 3,
 'sfm': 0.1069969540218092,
 'xyz_speed': 0.49781333308391096,
 'max_f_auto': 0.96818669188698248,
 'err_xy': 0.0}