{'max_f': 0,
 'xyz_speed': 0.99506106414429496,
 'err_xy': 0.30928646479038563,
 'hw': 1.0,
 'vef': 0.3544406025041677,
 'sfm': 0.00097691945188434063,
 'ff': 0.3544406025041677,
 'max_f_auto': 1}