{'max_f': 0,
 'sfm': 0.00097691945188434063,
 'xyz_speed': 0.99506106414429496,
 'max_f_auto': 1,
 'err_xy': 0.30928646479038563}