{'max_f': 7,
 'xyz_speed': 0.49812172471791222,
 'err_xy': 0.0,
 'hw': 1.0,
 'vef': 0.3544406025041677,
 'sfm': 0.18254164723353719,
 'ff': 0.3544406025041677,
 'max_f_auto': 1.0000000000000002}