{'max_f': 7,
 'sfm': 0.18254164723353719,
 'xyz_speed': 0.49812172471791222,
 'max_f_auto': 1.0000000000000002,
 'err_xy': 0.0}